[gd_scene load_steps=91 format=3 uid="uid://cmfsjec84hcqu"]

[ext_resource type="Script" uid="uid://3juowod54gdk" path="res://Scripts/WorldArea.gd" id="1_ofyxu"]
[ext_resource type="PackedScene" uid="uid://d00gyfo0xr487" path="res://Objects/player.tscn" id="2_2ngrw"]
[ext_resource type="PackedScene" uid="uid://c0ujsaiuma67m" path="res://Models/CliffProps/cliffProps1.glb" id="3_kpbna"]
[ext_resource type="PackedScene" uid="uid://jnpnivfmxspj" path="res://Scenes/floor.tscn" id="3_ofyxu"]
[ext_resource type="PackedScene" uid="uid://dhm5mqi1417w1" path="res://Models/CliffProps/cliffProps3.glb" id="4_gsklp"]
[ext_resource type="PackedScene" uid="uid://bb4ts31g2i5tn" path="res://Scripts/change_area.tscn" id="4_ofyxu"]
[ext_resource type="PackedScene" uid="uid://co17webl6iwl0" path="res://Models/CliffProps/cliffProps4.glb" id="5_ri4iq"]
[ext_resource type="PackedScene" uid="uid://b0yes6731b4cr" path="res://Models/CliffProps/cliffProps5.glb" id="6_v4f15"]
[ext_resource type="PackedScene" uid="uid://caplxa21c11c3" path="res://Objects/corners.tscn" id="7_ri4iq"]
[ext_resource type="PackedScene" uid="uid://b62dbhutiwigu" path="res://Objects/straights.tscn" id="8_v4f15"]
[ext_resource type="PackedScene" uid="uid://dak1xhppfmjx2" path="res://Objects/torch.tscn" id="11_q6vw4"]

[sub_resource type="Environment" id="Environment_v4f15"]
background_mode = 2
ambient_light_color = Color(1, 1, 1, 1)
fog_enabled = true
fog_light_color = Color(9.535274e-05, 0.00011561906, 0.00015177995, 1)
fog_density = 0.3111
volumetric_fog_enabled = true
volumetric_fog_albedo = Color(0.12225223, 0.12225223, 0.12225223, 1)

[sub_resource type="BoxShape3D" id="BoxShape3D_v4f15"]
size = Vector3(1, 8.183716, 38.201538)

[sub_resource type="BoxShape3D" id="BoxShape3D_x6dm6"]
size = Vector3(1, 5.605957, 15.94519)

[sub_resource type="BoxShape3D" id="BoxShape3D_olft2"]
size = Vector3(1, 7.132324, 20.729431)

[sub_resource type="BoxShape3D" id="BoxShape3D_q6vw4"]
size = Vector3(5.8465576, 4.6914063, 1)

[sub_resource type="BoxShape3D" id="BoxShape3D_q4rbn"]
size = Vector3(1, 9.515503, 54.64514)

[sub_resource type="BoxShape3D" id="BoxShape3D_5hyb0"]
size = Vector3(1, 8.683533, 53.32141)

[sub_resource type="BoxShape3D" id="BoxShape3D_u4g21"]
size = Vector3(39.253662, 5.849121, 1)

[sub_resource type="BoxShape3D" id="BoxShape3D_w8i7m"]
size = Vector3(51.91284, 6.2784424, 1)

[sub_resource type="BoxShape3D" id="BoxShape3D_8eatj"]
size = Vector3(1, 6.463867, 30.085815)

[sub_resource type="BoxShape3D" id="BoxShape3D_bi23t"]
size = Vector3(10.496887, 6.165039, 1)

[sub_resource type="BoxShape3D" id="BoxShape3D_jyawc"]
size = Vector3(23.997314, 6.144409, 1)

[sub_resource type="BoxShape3D" id="BoxShape3D_q8ler"]
size = Vector3(1, 7.480957, 44.292053)

[sub_resource type="BoxShape3D" id="BoxShape3D_nyywh"]
size = Vector3(22.843506, 3.2783203, 1)

[sub_resource type="BoxShape3D" id="BoxShape3D_0pdb5"]
size = Vector3(19.048828, 8.293823, 1)

[sub_resource type="BoxShape3D" id="BoxShape3D_3r8vc"]
size = Vector3(1, 8.371948, 29.576721)

[sub_resource type="BoxShape3D" id="BoxShape3D_jgpqc"]
size = Vector3(22.618896, 6.2022705, 1)

[sub_resource type="BoxShape3D" id="BoxShape3D_ahujf"]
size = Vector3(27.07019, 7.618286, 1)

[sub_resource type="BoxShape3D" id="BoxShape3D_4nhsp"]
size = Vector3(1, 6.991699, 32.663635)

[sub_resource type="BoxShape3D" id="BoxShape3D_apdqd"]
size = Vector3(25.276978, 6.1708984, 1)

[sub_resource type="BoxShape3D" id="BoxShape3D_r8g0k"]
size = Vector3(1, 7.3969727, 21.480713)

[sub_resource type="BoxShape3D" id="BoxShape3D_r66s3"]
size = Vector3(27.619308, 6.908081, 1)

[sub_resource type="BoxShape3D" id="BoxShape3D_u5g5d"]
size = Vector3(56.2724, 6.914917, 1)

[sub_resource type="BoxShape3D" id="BoxShape3D_7wwu4"]
size = Vector3(1, 6.7059326, 42.207153)

[sub_resource type="BoxShape3D" id="BoxShape3D_ghy1i"]
size = Vector3(0.001, 6.934082, 71.898926)

[sub_resource type="BoxShape3D" id="BoxShape3D_ho3um"]
size = Vector3(51.795288, 8.305664, 1)

[sub_resource type="BoxShape3D" id="BoxShape3D_whhfs"]
size = Vector3(0.001, 6.6875, 48.61078)

[sub_resource type="BoxShape3D" id="BoxShape3D_w0dcd"]
size = Vector3(29.741089, 7.4630127, 0.27246094)

[sub_resource type="BoxShape3D" id="BoxShape3D_uq51k"]
size = Vector3(17.45111, 6.963379, 1)

[sub_resource type="BoxShape3D" id="BoxShape3D_gkdf6"]
size = Vector3(0.001, 7.6239014, 18.272217)

[sub_resource type="BoxShape3D" id="BoxShape3D_4ppc3"]
size = Vector3(25.73053, 5.711914, 0.001)

[sub_resource type="BoxShape3D" id="BoxShape3D_w5dlf"]
size = Vector3(0.001, 5.781372, 60.240173)

[sub_resource type="BoxShape3D" id="BoxShape3D_ha6fa"]
size = Vector3(1, 6.6342773, 31.955322)

[sub_resource type="BoxShape3D" id="BoxShape3D_dent7"]
size = Vector3(42.34326, 7.13855, 1)

[sub_resource type="BoxShape3D" id="BoxShape3D_2pbcj"]
size = Vector3(41.379944, 6.9282227, 1)

[sub_resource type="BoxShape3D" id="BoxShape3D_d777m"]
size = Vector3(0.7089844, 6.242676, 13.381226)

[sub_resource type="BoxShape3D" id="BoxShape3D_8kunl"]
size = Vector3(1, 7.7529297, 50.861877)

[sub_resource type="BoxShape3D" id="BoxShape3D_gwet1"]
size = Vector3(1, 7, 28)

[sub_resource type="BoxShape3D" id="BoxShape3D_8yah5"]
size = Vector3(14.857788, 6.901245, 1)

[sub_resource type="BoxShape3D" id="BoxShape3D_qucr2"]
size = Vector3(1, 6.2765503, 10.574768)

[sub_resource type="BoxShape3D" id="BoxShape3D_bupvi"]
size = Vector3(17.684082, 6, 1)

[sub_resource type="BoxShape3D" id="BoxShape3D_re3vu"]
size = Vector3(41.648315, 6.673828, 1)

[sub_resource type="BoxShape3D" id="BoxShape3D_efs6b"]
size = Vector3(1, 9.689941, 46.76709)

[sub_resource type="BoxShape3D" id="BoxShape3D_0hkxv"]
size = Vector3(1, 7.1053467, 31.820557)

[sub_resource type="BoxShape3D" id="BoxShape3D_ehkky"]
size = Vector3(39.519592, 7.3721924, 1)

[sub_resource type="BoxShape3D" id="BoxShape3D_7ky1t"]
size = Vector3(1, 5.8637695, 6.2005615)

[sub_resource type="BoxShape3D" id="BoxShape3D_s2l3c"]
size = Vector3(38, 8, 1)

[sub_resource type="BoxShape3D" id="BoxShape3D_pjwcu"]
size = Vector3(1, 9, 23)

[sub_resource type="BoxShape3D" id="BoxShape3D_7j07c"]
size = Vector3(21.098145, 6.789551, 1)

[sub_resource type="BoxShape3D" id="BoxShape3D_w03yb"]
size = Vector3(1, 8.030151, 56.956787)

[sub_resource type="BoxShape3D" id="BoxShape3D_y1khh"]
size = Vector3(1, 6, 27)

[sub_resource type="BoxShape3D" id="BoxShape3D_hl6s6"]
size = Vector3(14.324585, 7.6904297, 1)

[sub_resource type="BoxShape3D" id="BoxShape3D_5qk0y"]
size = Vector3(1, 7.6707764, 78.28668)

[sub_resource type="BoxShape3D" id="BoxShape3D_irnph"]
size = Vector3(1, 6.557495, 31.049316)

[sub_resource type="BoxShape3D" id="BoxShape3D_ukl0y"]
size = Vector3(20, 7, 1)

[sub_resource type="BoxShape3D" id="BoxShape3D_ywum6"]
size = Vector3(1, 6, 31)

[sub_resource type="BoxShape3D" id="BoxShape3D_ptcy2"]
size = Vector3(17.078613, 6.508911, 1)

[sub_resource type="BoxShape3D" id="BoxShape3D_1fmdk"]
size = Vector3(1, 8, 28)

[sub_resource type="BoxShape3D" id="BoxShape3D_6gu4s"]
size = Vector3(23.286987, 7.4630127, 1)

[sub_resource type="BoxShape3D" id="BoxShape3D_0lcsb"]
size = Vector3(1, 7, 19)

[sub_resource type="BoxShape3D" id="BoxShape3D_74pj8"]
size = Vector3(1, 7.8378906, 63.545197)

[sub_resource type="BoxShape3D" id="BoxShape3D_yojt2"]
size = Vector3(15, 6, 1)

[sub_resource type="BoxShape3D" id="BoxShape3D_xoxln"]
size = Vector3(1, 8.435059, 54.49913)

[sub_resource type="BoxShape3D" id="BoxShape3D_2vpkk"]
size = Vector3(1, 7.2764893, 33.907593)

[sub_resource type="BoxShape3D" id="BoxShape3D_odmd1"]
size = Vector3(12.861328, 6.5458984, 1)

[sub_resource type="BoxShape3D" id="BoxShape3D_ak7b4"]

[sub_resource type="BoxShape3D" id="BoxShape3D_n01tu"]
size = Vector3(9.392944, 6.100708, 1)

[sub_resource type="BoxShape3D" id="BoxShape3D_yhk1u"]

[sub_resource type="BoxShape3D" id="BoxShape3D_ri4iq"]
size = Vector3(12, 1, 50)

[sub_resource type="BoxMesh" id="BoxMesh_yw2ac"]
size = Vector3(12, 1, 50)

[sub_resource type="StandardMaterial3D" id="StandardMaterial3D_gsklp"]
albedo_color = Color(0, 0, 0, 0)

[sub_resource type="StandardMaterial3D" id="StandardMaterial3D_ofyxu"]
albedo_color = Color(0, 0, 0, 1)

[sub_resource type="QuadMesh" id="QuadMesh_2ngrw"]
size = Vector2(15, 50)
orientation = 1

[sub_resource type="BoxShape3D" id="BoxShape3D_yw2ac"]
size = Vector3(15, 1, 49.99951)

[sub_resource type="NavigationMesh" id="NavigationMesh_ofyxu"]
vertices = PackedVector3Array(-37, 1, -37, -37, 1, 37, 37, 1, 37, 37, 1, -37)
polygons = [PackedInt32Array(3, 2, 0), PackedInt32Array(0, 2, 1)]

[sub_resource type="BoxMesh" id="BoxMesh_2ngrw"]
size = Vector3(75, 1, 75)

[sub_resource type="StandardMaterial3D" id="StandardMaterial3D_yw2ac"]
albedo_color = Color(0, 0, 0, 1)

[sub_resource type="BoxShape3D" id="BoxShape3D_gsklp"]
size = Vector3(75, 1, 75)

[sub_resource type="BoxShape3D" id="BoxShape3D_2ngrw"]
size = Vector3(3.2459717, 0.74328613, 0.942749)

[node name="Node3D" type="Node3D"]
script = ExtResource("1_ofyxu")
metadata/_custom_type_script = "uid://3juowod54gdk"

[node name="WorldEnvironment" type="WorldEnvironment" parent="."]
environment = SubResource("Environment_v4f15")

[node name="player" parent="." instance=ExtResource("2_2ngrw")]
transform = Transform3D(1, 0, 0, 0, 1, 0, 0, 0, 1, -8.180911, 4.3115606, 185.80501)

[node name="Walls" type="StaticBody3D" parent="."]

[node name="Straights" type="Node3D" parent="Walls"]

[node name="straights" parent="Walls/Straights" instance=ExtResource("8_v4f15")]
transform = Transform3D(0.028811388, 0, 0.9995852, 0, 1, 0, -0.9995852, 0, 0.028811388, -7.821885, 0.23459208, -64.51961)

[node name="straights2" parent="Walls/Straights" instance=ExtResource("8_v4f15")]
transform = Transform3D(0.9997116, 0, -0.024030885, 0, 1, 0, 0.024030885, 0, 0.9997116, -9.189415, 0.23459208, -31.95335)

[node name="straights3" parent="Walls/Straights" instance=ExtResource("8_v4f15")]
transform = Transform3D(0.9999163, 0, -0.012967451, 0, 1, 0, 0.012967451, 0, 0.9999163, -42.440617, 0.23459208, -31.929531)

[node name="straights4" parent="Walls/Straights" instance=ExtResource("8_v4f15")]
transform = Transform3D(-0.9996644, 0, 0.025915198, 0, 1, 0, -0.025915198, 0, -0.9996644, 58.195263, 0.23459208, 20.472624)

[node name="straights5" parent="Walls/Straights" instance=ExtResource("8_v4f15")]
transform = Transform3D(-0.9996644, 0, 0.025915198, 0, 1, 0, -0.025915198, 0, -0.9996644, 63.52991, 0.23459208, -17.174715)

[node name="straights6" parent="Walls/Straights" instance=ExtResource("8_v4f15")]
transform = Transform3D(0.021884669, 0, 0.99976087, 0, 1, 0, -0.99976087, 0, 0.021884669, -8.082631, 0.23459208, -182.21667)

[node name="straights7" parent="Walls/Straights" instance=ExtResource("8_v4f15")]
transform = Transform3D(0.046565987, 0, 0.99891555, 0, 1, 0, -0.99891555, 0, 0.046565987, -7.2519236, 0.23459208, -112.60771)

[node name="straights8" parent="Walls/Straights" instance=ExtResource("8_v4f15")]
transform = Transform3D(0.021884669, 0, 0.99976087, 0, 1, 0, -0.99976087, 0, 0.021884669, -7.2519236, 0.23459208, -146.36325)

[node name="straights9" parent="Walls/Straights" instance=ExtResource("8_v4f15")]
transform = Transform3D(0.99931467, 0, -0.0370274, 0, 1, 0, 0.0370274, 0, 0.99931467, -7.2519236, 0.23459208, -79.69779)

[node name="straights10" parent="Walls/Straights" instance=ExtResource("8_v4f15")]
transform = Transform3D(0.99931467, 0, -0.0370274, 0, 1, 0, 0.0370274, 0, 0.99931467, -41.770023, 0.23459208, -79.69779)

[node name="straights11" parent="Walls/Straights" instance=ExtResource("8_v4f15")]
transform = Transform3D(0.99931467, 0, -0.0370274, 0, 1, 0, 0.0370274, 0, 0.99931467, -73.99913, 0.23459208, -79.69779)

[node name="straights12" parent="Walls/Straights" instance=ExtResource("8_v4f15")]
transform = Transform3D(0.99931467, 0, -0.0370274, 0, 1, 0, 0.0370274, 0, 0.99931467, -93.37989, 0.23459208, -79.69779)

[node name="straights13" parent="Walls/Straights" instance=ExtResource("8_v4f15")]
transform = Transform3D(0.99931467, 0, -0.0370274, 0, 1, 0, 0.0370274, 0, 0.99931467, 41.161057, 0.23459208, -79.69779)

[node name="straights14" parent="Walls/Straights" instance=ExtResource("8_v4f15")]
transform = Transform3D(0.99931467, 0, -0.0370274, 0, 1, 0, 0.0370274, 0, 0.99931467, 75.974884, 0.23459208, -79.69779)

[node name="straights15" parent="Walls/Straights" instance=ExtResource("8_v4f15")]
transform = Transform3D(0.99931467, 0, -0.0370274, 0, 1, 0, 0.0370274, 0, 0.99931467, 90.48064, 0.23459208, -79.69779)

[node name="straights16" parent="Walls/Straights" instance=ExtResource("8_v4f15")]
transform = Transform3D(0.99931467, 0, -0.0370274, 0, 1, 0, 0.0370274, 0, 0.99931467, 138.16833, 0.23459208, -79.69779)

[node name="straights17" parent="Walls/Straights" instance=ExtResource("8_v4f15")]
transform = Transform3D(0.99931467, 0, -0.0370274, 0, 1, 0, 0.0370274, 0, 0.99931467, 168.8513, 0.23459208, -79.69779)

[node name="straights18" parent="Walls/Straights" instance=ExtResource("8_v4f15")]
transform = Transform3D(0.99931467, 0, -0.0370274, 0, 1, 0, 0.0370274, 0, 0.99931467, 202.53632, 0.23459208, -79.69779)

[node name="straights19" parent="Walls/Straights" instance=ExtResource("8_v4f15")]
transform = Transform3D(0.99931467, 0, -0.0370274, 0, 1, 0, 0.0370274, 0, 0.99931467, 217.8927, 0.23459208, -79.69779)

[node name="straights20" parent="Walls/Straights" instance=ExtResource("8_v4f15")]
transform = Transform3D(0.9995168, 0, -0.03109673, 0, 1, 0, 0.03109673, 0, 0.9995168, -47.468628, 0.23459208, -117.09807)

[node name="straights21" parent="Walls/Straights" instance=ExtResource("8_v4f15")]
transform = Transform3D(0.99931467, 0, -0.0370274, 0, 1, 0, 0.0370274, 0, 0.99931467, -76.86946, 0.23459208, -116.957886)

[node name="straights22" parent="Walls/Straights" instance=ExtResource("8_v4f15")]
transform = Transform3D(0.99931467, 0, -0.0370274, 0, 1, 0, 0.0370274, 0, 0.99931467, -93.53847, 0.23459208, -117.74231)

[node name="straights23" parent="Walls/Straights" instance=ExtResource("8_v4f15")]
transform = Transform3D(0.046565987, 0, 0.99891555, 0, 1, 0, -0.99891555, 0, 0.046565987, 91.22603, 0.23459208, -112.60771)

[node name="straights24" parent="Walls/Straights" instance=ExtResource("8_v4f15")]
transform = Transform3D(0.046565987, 0, 0.99891555, 0, 1, 0, -0.99891555, 0, 0.046565987, 91.22603, 0.23459208, -144.18092)

[node name="straights25" parent="Walls/Straights" instance=ExtResource("8_v4f15")]
transform = Transform3D(0.046565987, 0, 0.99891555, 0, 1, 0, -0.99891555, 0, 0.046565987, 91.22603, 0.23459208, -163.57971)

[node name="straights26" parent="Walls/Straights" instance=ExtResource("8_v4f15")]
transform = Transform3D(0.046565987, 0, 0.99891555, 0, 1, 0, -0.99891555, 0, 0.046565987, 217.87901, 0.23459208, -112.60771)

[node name="straights27" parent="Walls/Straights" instance=ExtResource("8_v4f15")]
transform = Transform3D(0.046565987, 0, 0.99891555, 0, 1, 0, -0.99891555, 0, 0.046565987, 217.87901, 0.23459208, -146.47841)

[node name="straights28" parent="Walls/Straights" instance=ExtResource("8_v4f15")]
transform = Transform3D(0.046565987, 0, 0.99891555, 0, 1, 0, -0.99891555, 0, 0.046565987, 217.14806, 0.23459208, -175.33623)

[node name="straights29" parent="Walls/Straights" instance=ExtResource("8_v4f15")]
transform = Transform3D(0.027031848, 0, 0.9996349, 0, 1, 0, -0.9996349, 0, 0.027031848, 216.8035, 0.23459208, -192.7968)

[node name="straights30" parent="Walls/Straights" instance=ExtResource("8_v4f15")]
transform = Transform3D(0.99931467, 0, -0.0370274, 0, 1, 0, 0.0370274, 0, 0.99931467, 95.62618, 0.23459208, -242.87923)

[node name="straights31" parent="Walls/Straights" instance=ExtResource("8_v4f15")]
transform = Transform3D(0.99906, 0, -0.043357812, 0, 1, 0, 0.043357812, 0, 0.99906, 140.3323, 0.23459208, -293.27112)

[node name="straights32" parent="Walls/Straights" instance=ExtResource("8_v4f15")]
transform = Transform3D(0.99963355, 0, -0.027084175, 0, 1, 0, 0.027084175, 0, 0.99963355, 104.71858, 0.23459208, -293.12726)

[node name="straights33" parent="Walls/Straights" instance=ExtResource("8_v4f15")]
transform = Transform3D(0.9998797, 0, -0.015532776, 0, 1, 0, 0.015532776, 0, 0.9998797, 87.480896, 0.23459208, -293.34818)

[node name="straights34" parent="Walls/Straights" instance=ExtResource("8_v4f15")]
transform = Transform3D(0.99931467, 0, -0.0370274, 0, 1, 0, 0.0370274, 0, 0.99931467, 53.379852, 0.23459208, -291.58353)

[node name="straights35" parent="Walls/Straights" instance=ExtResource("8_v4f15")]
transform = Transform3D(0.99931467, 0, -0.0370274, 0, 1, 0, 0.0370274, 0, 0.99931467, 47.12573, 0.23459208, -291.48868)

[node name="straights36" parent="Walls/Straights" instance=ExtResource("8_v4f15")]
transform = Transform3D(0.99931467, 0, -0.0370274, 0, 1, 0, 0.0370274, 0, 0.99931467, 0.67116547, 0.23459208, -259.68384)

[node name="straights37" parent="Walls/Straights" instance=ExtResource("8_v4f15")]
transform = Transform3D(0.99931467, 0, -0.0370274, 0, 1, 0, 0.0370274, 0, 0.99931467, -11.56028, 0.23459208, -259.68384)

[node name="straights38" parent="Walls/Straights" instance=ExtResource("8_v4f15")]
transform = Transform3D(0.99931467, 0, -0.0370274, 0, 1, 0, 0.0370274, 0, 0.99931467, -41.128376, 0.23459208, -258.82867)

[node name="straights39" parent="Walls/Straights" instance=ExtResource("8_v4f15")]
transform = Transform3D(0.99867433, 0, -0.05148188, 0, 1, 0, 0.05148188, 0, 0.99867433, -72.584595, 0.23459208, -258.93195)

[node name="straights40" parent="Walls/Straights" instance=ExtResource("8_v4f15")]
transform = Transform3D(0.99931467, 0, -0.0370274, 0, 1, 0, 0.0370274, 0, 0.99931467, -100.384415, 0.23459208, -259.68384)

[node name="straights41" parent="Walls/Straights" instance=ExtResource("8_v4f15")]
transform = Transform3D(0.9993364, 0, -0.03643439, 0, 1, 0, 0.03643439, 0, 0.9993364, -133.77742, 0.23459208, -260.5287)

[node name="straights42" parent="Walls/Straights" instance=ExtResource("8_v4f15")]
transform = Transform3D(0.99931467, 0, -0.0370274, 0, 1, 0, 0.0370274, 0, 0.99931467, 0.67116547, 0.23459208, -231.59843)

[node name="straights43" parent="Walls/Straights" instance=ExtResource("8_v4f15")]
transform = Transform3D(0.99931467, 0, -0.0370274, 0, 1, 0, 0.0370274, 0, 0.99931467, -31.927399, 0.23459208, -231.59843)

[node name="straights44" parent="Walls/Straights" instance=ExtResource("8_v4f15")]
transform = Transform3D(0.99931467, 0, -0.0370274, 0, 1, 0, 0.0370274, 0, 0.99931467, -65.779755, 0.23459208, -231.59843)

[node name="straights45" parent="Walls/Straights" instance=ExtResource("8_v4f15")]
transform = Transform3D(0.99931467, 0, -0.0370274, 0, 1, 0, 0.0370274, 0, 0.99931467, -76.03804, 0.23459208, -231.59843)

[node name="straights46" parent="Walls/Straights" instance=ExtResource("8_v4f15")]
transform = Transform3D(0.99931467, 0, -0.0370274, 0, 1, 0, 0.0370274, 0, 0.99931467, -48.6845, 0.23459208, -158.03952)

[node name="straights47" parent="Walls/Straights" instance=ExtResource("8_v4f15")]
transform = Transform3D(0.99931467, 0, -0.0370274, 0, 1, 0, 0.0370274, 0, 0.99931467, -75.60508, 0.23459208, -158.88913)

[node name="straights48" parent="Walls/Straights" instance=ExtResource("8_v4f15")]
transform = Transform3D(0.99931467, 0, -0.0370274, 0, 1, 0, 0.0370274, 0, 0.99931467, -31.987694, 0.23459208, -196.26262)

[node name="straights49" parent="Walls/Straights" instance=ExtResource("8_v4f15")]
transform = Transform3D(0.99931467, 0, -0.0370274, 0, 1, 0, 0.0370274, 0, 0.99931467, -10.036661, 0.23459208, -195.99492)

[node name="straights50" parent="Walls/Straights" instance=ExtResource("8_v4f15")]
transform = Transform3D(0.99931467, 0, -0.0370274, 0, 1, 0, 0.0370274, 0, 0.99931467, 76.29322, 0.23459208, -243.29523)

[node name="straights51" parent="Walls/Straights" instance=ExtResource("8_v4f15")]
transform = Transform3D(0.99931467, 0, -0.0370274, 0, 1, 0, 0.0370274, 0, 0.99931467, 99.23186, 0.23459208, -218.06271)

[node name="straights52" parent="Walls/Straights" instance=ExtResource("8_v4f15")]
transform = Transform3D(0.99931467, 0, -0.0370274, 0, 1, 0, 0.0370274, 0, 0.99931467, 134.2952, 0.23459208, -218.39043)

[node name="straights53" parent="Walls/Straights" instance=ExtResource("8_v4f15")]
transform = Transform3D(0.99931467, 0, -0.0370274, 0, 1, 0, 0.0370274, 0, 0.99931467, 140.19373, 0.23459208, -218.39043)

[node name="straights54" parent="Walls/Straights" instance=ExtResource("8_v4f15")]
transform = Transform3D(0.9993364, 0, -0.03643439, 0, 1, 0, 0.03643439, 0, 0.9993364, -49.404327, 0.23459208, -322.19006)

[node name="straights55" parent="Walls/Straights" instance=ExtResource("8_v4f15")]
transform = Transform3D(0.9993364, 0, -0.03643439, 0, 1, 0, 0.03643439, 0, 0.9993364, -16.817307, 0.23459208, -322.19006)

[node name="straights56" parent="Walls/Straights" instance=ExtResource("8_v4f15")]
transform = Transform3D(0.9993364, 0, -0.03643439, 0, 1, 0, 0.03643439, 0, 0.9993364, -0.70484924, 0.23459208, -322.19006)

[node name="straights57" parent="Walls/Straights" instance=ExtResource("8_v4f15")]
transform = Transform3D(-0.0061085895, 0, -0.99998164, 0, 1, 0, 0.99998164, 0, -0.0061085895, -165.09944, 0.23459208, -190.18658)

[node name="straights58" parent="Walls/Straights" instance=ExtResource("8_v4f15")]
transform = Transform3D(-0.0061085895, 0, -0.99998164, 0, 1, 0, 0.99998164, 0, -0.0061085895, -165.09944, 0.23459208, -212.24225)

[node name="straights59" parent="Walls/Straights" instance=ExtResource("8_v4f15")]
transform = Transform3D(-0.0061085895, 0, -0.99998164, 0, 1, 0, 0.99998164, 0, -0.0061085895, -107.08373, 0.23459208, -185.03616)

[node name="straights60" parent="Walls/Straights" instance=ExtResource("8_v4f15")]
transform = Transform3D(-0.0061085895, 0, -0.99998164, 0, 1, 0, 0.99998164, 0, -0.0061085895, -107.263885, 0.23459208, -160.17229)

[node name="straights61" parent="Walls/Straights" instance=ExtResource("8_v4f15")]
transform = Transform3D(-0.031532854, 0, -0.999503, 0, 1, 0, 0.999503, 0, -0.031532854, 155.20915, 0.23459208, -169.82779)

[node name="straights62" parent="Walls/Straights" instance=ExtResource("8_v4f15")]
transform = Transform3D(-0.031532854, 0, -0.999503, 0, 1, 0, 0.999503, 0, -0.031532854, 44.139145, 0.23459208, -196.35721)

[node name="Corners" type="Node3D" parent="Walls"]

[node name="Corners4" parent="Walls/Corners" instance=ExtResource("7_ri4iq")]
transform = Transform3D(0.9994762, 0, -0.032369964, 0, 1, 0, 0.032369964, 0, 0.9994762, 82.587944, -0.25246084, -50.169468)

[node name="CollisionShape3D2" parent="Walls/Corners/Corners4" index="33"]
transform = Transform3D(0.99960303, 0, 0.028183341, 0, 1, 0, -0.028183341, 0, 0.99960303, -15.001083, 0.903656, 14.146858)

[node name="CollisionShape3D3" parent="Walls/Corners/Corners4" index="34"]
transform = Transform3D(-8.5681677e-07, 0, 1.0000002, 0, 1, 0, -1.0000002, 0, -8.5681677e-07, -31.866024, 3.968544, 4.116333)

[node name="Corners3" parent="Walls/Corners" instance=ExtResource("7_ri4iq")]
transform = Transform3D(-0.9997593, 0, 0.021954335, 0, 1, 0, -0.021954335, 0, -0.9997593, 98.59187, -0.25246084, -17.094675)

[node name="Corners2" parent="Walls/Corners" instance=ExtResource("7_ri4iq")]
transform = Transform3D(-0.9997593, 0, 0.021954335, 0, 1, 0, -0.021954335, 0, -0.9997593, 93.714485, -0.25246084, 20.857504)

[node name="Corners" parent="Walls/Corners" instance=ExtResource("7_ri4iq")]
transform = Transform3D(-1.0000004, 0, -1.5099586e-07, 0, 1, 0, 1.5099586e-07, 0, -1.0000004, -69.830444, -0.25246084, 23.753458)

[node name="Corners5" parent="Walls/Corners" instance=ExtResource("7_ri4iq")]
transform = Transform3D(0.01876099, 0, 0.9998242, 0, 1, 0, -0.9998242, 0, 0.01876099, 55.37648, -0.25246084, -136.53299)

[node name="Corners6" parent="Walls/Corners" instance=ExtResource("7_ri4iq")]
transform = Transform3D(0.0028098607, 0, 0.9999963, 0, 1, 0, -0.9999963, 0, 0.0028098607, 140.6576, -0.25246084, -276.00925)

[node name="Corners7" parent="Walls/Corners" instance=ExtResource("7_ri4iq")]
transform = Transform3D(-0.9997593, 0, 0.021954335, 0, 1, 0, -0.021954335, 0, -0.9997593, 96.60213, -0.25246084, -228.88913)

[node name="Corners8" parent="Walls/Corners" instance=ExtResource("7_ri4iq")]
transform = Transform3D(0.017452287, 0, 0.9998479, 0, 1, 0, -0.9998479, 0, 0.017452287, -179.38205, -0.25246084, -191.04427)

[node name="cliffProps1_1" parent="Walls" instance=ExtResource("3_kpbna")]
transform = Transform3D(1.0000002, 0, -2.9802322e-08, 0, 1, 0, 2.9802322e-08, 0, 1.0000002, 0.44310427, 0.13988602, 18.789833)

[node name="cliffProps5_1" parent="Walls" instance=ExtResource("6_v4f15")]
transform = Transform3D(1.0000002, 0, -2.9802322e-08, 0, 1, 0, 2.9802322e-08, 0, 1.0000002, -7.5336185, 1.9720669, 18.180954)

[node name="cliffProps4_2" parent="Walls/cliffProps5_1" instance=ExtResource("5_ri4iq")]
transform = Transform3D(0.17290902, 0, 0.9849378, 0, 1, 0, -0.9849378, 0, 0.17290902, -0.2830596, -0.18798673, -18.849323)

[node name="cliffProps5" parent="Walls/cliffProps5_1" instance=ExtResource("6_v4f15")]
transform = Transform3D(1, 0, 0, 0, 1, 0, 0, 0, 1, -0.25128174, 0, -36.792183)

[node name="cliffProps7" parent="Walls/cliffProps5_1" instance=ExtResource("6_v4f15")]
transform = Transform3D(1, 0, 0, 0, 1, 0, 0, 0, 1, 14.263785, 0, -36.792183)

[node name="cliffProps6" parent="Walls/cliffProps5_1" instance=ExtResource("6_v4f15")]
transform = Transform3D(1, 0, 0, 0, 1, 0, 0, 0, 1, 15.046616, 0, 0.16171837)

[node name="cliffProps4_1" parent="Walls/cliffProps5_1" instance=ExtResource("5_ri4iq")]
transform = Transform3D(0.17290896, 0, 0.98493755, 0, 1, 0, -0.98493755, 0, 0.17290896, -0.28305864, -0.18798673, -27.469059)

[node name="cliffProps3_1" parent="Walls/cliffProps5_1" instance=ExtResource("4_gsklp")]
transform = Transform3D(0.021884676, 0, 0.9997605, 0, 1, 0, -0.9997605, 0, 0.021884676, -0.17718124, -0.18798769, -34.762447)

[node name="cliffProps3_1" parent="Walls/cliffProps5_1/cliffProps3_1" instance=ExtResource("4_gsklp")]
transform = Transform3D(0.9998995, 0, 0.014189016, 0, 1, 0, -0.014189016, 0, 0.9998995, -2.687008, -0.40555322, 0.095544815)

[node name="cliffProps3_3" parent="Walls/cliffProps5_1/cliffProps3_1" instance=ExtResource("4_gsklp")]
transform = Transform3D(1, 0, 0, 0, 1, 0, 0, 0, 1, -9.617427, 0, 0.21052599)

[node name="cliffProps3_2" parent="Walls/cliffProps5_1/cliffProps3_1" instance=ExtResource("4_gsklp")]
transform = Transform3D(0.99995255, 0, 0.0097213015, 0, 1, 0, -0.0097213015, 0, 0.99995255, -5.1986275, 0.22874415, 0.15052891)

[node name="cliffProps3_4" parent="Walls/cliffProps5_1/cliffProps3_1" instance=ExtResource("4_gsklp")]
transform = Transform3D(0.9998995, 0, 0.014189016, 0, 1, 0, -0.014189016, 0, 0.9998995, -11.304676, -0.40555322, 0.28418493)

[node name="cliffProps3_5" parent="Walls/cliffProps5_1/cliffProps3_1" instance=ExtResource("4_gsklp")]
transform = Transform3D(0.99995244, 0, 0.009721298, 0, 1, 0, -0.009721298, 0, 0.99995244, -13.816296, 0.22874415, 0.33916903)

[node name="cliffProps3_6" parent="Walls/cliffProps5_1/cliffProps3_1" instance=ExtResource("4_gsklp")]
transform = Transform3D(1, 0, 0, 0, 1, 0, 0, 0, 1, -1.8577213, 0, 0.040665627)

[node name="cliffProps3_7" parent="Walls/cliffProps5_1/cliffProps3_1" instance=ExtResource("4_gsklp")]
transform = Transform3D(0.9998995, 0, 0.014189016, 0, 1, 0, -0.014189016, 0, 0.9998995, -4.54473, -0.40555322, 0.13620996)

[node name="cliffProps3_8" parent="Walls/cliffProps5_1/cliffProps3_1" instance=ExtResource("4_gsklp")]
transform = Transform3D(1, 0, 0, 0, 1, 0, 0, 0, 1, -11.475149, 0, 0.25119162)

[node name="cliffProps3_9" parent="Walls/cliffProps5_1/cliffProps3_1" instance=ExtResource("4_gsklp")]
transform = Transform3D(0.9999525, 0, 0.0097213, 0, 1, 0, -0.0097213, 0, 0.9999525, -7.0563498, 0.22874415, 0.19119453)

[node name="cliffProps3_10" parent="Walls/cliffProps5_1/cliffProps3_1" instance=ExtResource("4_gsklp")]
transform = Transform3D(0.9998995, 0, 0.014189016, 0, 1, 0, -0.014189016, 0, 0.9998995, -13.162397, -0.40555322, 0.32485056)

[node name="cliffProps3_11" parent="Walls/cliffProps5_1/cliffProps3_1" instance=ExtResource("4_gsklp")]
transform = Transform3D(0.9999524, 0, 0.009721298, 0, 1, 0, -0.009721298, 0, 0.9999524, -15.674017, 0.22874415, 0.37983418)

[node name="cliffProps3_12" parent="Walls/cliffProps5_1/cliffProps3_1" instance=ExtResource("4_gsklp")]
transform = Transform3D(0.9998995, 0, 0.014189016, 0, 1, 0, -0.014189016, 0, 0.9998995, -4.186302, 2.2380185, -0.8750944)

[node name="cliffProps3_13" parent="Walls/cliffProps5_1/cliffProps3_1" instance=ExtResource("4_gsklp")]
transform = Transform3D(1, 0, 0, 0, 1, 0, 0, 0, 1, -11.116722, 2.6435719, -0.76011276)

[node name="cliffProps3_14" parent="Walls/cliffProps5_1/cliffProps3_1" instance=ExtResource("4_gsklp")]
transform = Transform3D(0.9999525, 0, 0.0097213, 0, 1, 0, -0.0097213, 0, 0.9999525, -6.6979218, 2.872316, -0.8201103)

[node name="cliffProps3_15" parent="Walls/cliffProps5_1/cliffProps3_1" instance=ExtResource("4_gsklp")]
transform = Transform3D(0.9999524, 0, 0.009721298, 0, 1, 0, -0.009721298, 0, 0.9999524, -15.31559, 2.872316, -0.6314697)

[node name="cliffProps3_16" parent="Walls/cliffProps5_1/cliffProps3_1" instance=ExtResource("4_gsklp")]
transform = Transform3D(0.9998995, 0, 0.014189016, 0, 1, 0, -0.014189016, 0, 0.9998995, -12.80397, 2.2380185, -0.6864538)

[node name="cliffProps3_17" parent="Walls/cliffProps5_1/cliffProps3_1" instance=ExtResource("4_gsklp")]
transform = Transform3D(1, 0, 0, 0, 1, 0, 0, 0, 1, -1.4992943, 2.6435719, -0.9706392)

[node name="cliffProps3_18" parent="Walls/cliffProps5_1/cliffProps3_1" instance=ExtResource("4_gsklp")]
transform = Transform3D(0.9998995, 0, 0.014189016, 0, 1, 0, -0.014189016, 0, 0.9998995, -5.763732, 2.2028842, -1.2819967)

[node name="cliffProps3_19" parent="Walls/cliffProps5_1/cliffProps3_1" instance=ExtResource("4_gsklp")]
transform = Transform3D(1, 0, 0, 0, 1, 0, 0, 0, 1, -12.694151, 2.6084375, -1.167016)

[node name="cliffProps3_20" parent="Walls/cliffProps5_1/cliffProps3_1" instance=ExtResource("4_gsklp")]
transform = Transform3D(0.9999525, 0, 0.0097213, 0, 1, 0, -0.0097213, 0, 0.9999525, -8.275352, 2.8371816, -1.2270126)

[node name="cliffProps3_21" parent="Walls/cliffProps5_1/cliffProps3_1" instance=ExtResource("4_gsklp")]
transform = Transform3D(0.9999524, 0, 0.009721298, 0, 1, 0, -0.009721298, 0, 0.9999524, -16.893019, 2.8371816, -1.038373)

[node name="cliffProps3_22" parent="Walls/cliffProps5_1/cliffProps3_1" instance=ExtResource("4_gsklp")]
transform = Transform3D(0.9998995, 0, 0.014189016, 0, 1, 0, -0.014189016, 0, 0.9998995, -14.3814, 2.2028842, -1.0933571)

[node name="cliffProps3_23" parent="Walls/cliffProps5_1/cliffProps3_1" instance=ExtResource("4_gsklp")]
transform = Transform3D(1, 0, 0, 0, 1, 0, 0, 0, 1, -3.076725, 2.6084375, -1.3775415)

[node name="cliffProps3_24" parent="Walls/cliffProps5_1/cliffProps3_1" instance=ExtResource("4_gsklp")]
transform = Transform3D(1, 0, 0, 0, 1, 0, 0, 0, 1, -0.0011348724, 1.441677, -0.051836014)

[node name="cliffProps3_1" parent="Walls/cliffProps5_1/cliffProps3_1/cliffProps3_24" instance=ExtResource("4_gsklp")]
transform = Transform3D(0.9998995, 0, 0.014189016, 0, 1, 0, -0.014189016, 0, 0.9998995, -2.687008, -0.40555322, 0.095544815)

[node name="cliffProps3_3" parent="Walls/cliffProps5_1/cliffProps3_1/cliffProps3_24" instance=ExtResource("4_gsklp")]
transform = Transform3D(1, 0, 0, 0, 1, 0, 0, 0, 1, -9.617427, 0, 0.21052599)

[node name="cliffProps3_2" parent="Walls/cliffProps5_1/cliffProps3_1/cliffProps3_24" instance=ExtResource("4_gsklp")]
transform = Transform3D(0.99995255, 0, 0.0097213015, 0, 1, 0, -0.0097213015, 0, 0.99995255, -5.1986275, 0.22874415, 0.15052891)

[node name="cliffProps3_4" parent="Walls/cliffProps5_1/cliffProps3_1/cliffProps3_24" instance=ExtResource("4_gsklp")]
transform = Transform3D(0.9998995, 0, 0.014189016, 0, 1, 0, -0.014189016, 0, 0.9998995, -11.304676, -0.40555322, 0.28418493)

[node name="cliffProps3_5" parent="Walls/cliffProps5_1/cliffProps3_1/cliffProps3_24" instance=ExtResource("4_gsklp")]
transform = Transform3D(0.99995244, 0, 0.009721298, 0, 1, 0, -0.009721298, 0, 0.99995244, -13.816296, 0.22874415, 0.33916903)

[node name="cliffProps3_6" parent="Walls/cliffProps5_1/cliffProps3_1/cliffProps3_24" instance=ExtResource("4_gsklp")]
transform = Transform3D(1, 0, 0, 0, 1, 0, 0, 0, 1, -1.8577213, 0, 0.040665627)

[node name="cliffProps3_7" parent="Walls/cliffProps5_1/cliffProps3_1/cliffProps3_24" instance=ExtResource("4_gsklp")]
transform = Transform3D(0.9998995, 0, 0.014189016, 0, 1, 0, -0.014189016, 0, 0.9998995, -4.54473, -0.40555322, 0.13620996)

[node name="cliffProps3_8" parent="Walls/cliffProps5_1/cliffProps3_1/cliffProps3_24" instance=ExtResource("4_gsklp")]
transform = Transform3D(1, 0, 0, 0, 1, 0, 0, 0, 1, -11.475149, 0, 0.25119162)

[node name="cliffProps3_9" parent="Walls/cliffProps5_1/cliffProps3_1/cliffProps3_24" instance=ExtResource("4_gsklp")]
transform = Transform3D(0.9999525, 0, 0.0097213, 0, 1, 0, -0.0097213, 0, 0.9999525, -7.0563498, 0.22874415, 0.19119453)

[node name="cliffProps3_10" parent="Walls/cliffProps5_1/cliffProps3_1/cliffProps3_24" instance=ExtResource("4_gsklp")]
transform = Transform3D(0.9998995, 0, 0.014189016, 0, 1, 0, -0.014189016, 0, 0.9998995, -13.162397, -0.40555322, 0.32485056)

[node name="cliffProps3_11" parent="Walls/cliffProps5_1/cliffProps3_1/cliffProps3_24" instance=ExtResource("4_gsklp")]
transform = Transform3D(0.9999524, 0, 0.009721298, 0, 1, 0, -0.009721298, 0, 0.9999524, -15.674017, 0.22874415, 0.37983418)

[node name="cliffProps3_12" parent="Walls/cliffProps5_1/cliffProps3_1/cliffProps3_24" instance=ExtResource("4_gsklp")]
transform = Transform3D(0.9998995, 0, 0.014189016, 0, 1, 0, -0.014189016, 0, 0.9998995, -4.186302, 2.2380185, -0.8750944)

[node name="cliffProps3_13" parent="Walls/cliffProps5_1/cliffProps3_1/cliffProps3_24" instance=ExtResource("4_gsklp")]
transform = Transform3D(1, 0, 0, 0, 1, 0, 0, 0, 1, -11.116722, 2.6435719, -0.76011276)

[node name="cliffProps3_14" parent="Walls/cliffProps5_1/cliffProps3_1/cliffProps3_24" instance=ExtResource("4_gsklp")]
transform = Transform3D(0.9999525, 0, 0.0097213, 0, 1, 0, -0.0097213, 0, 0.9999525, -6.6979218, 2.872316, -0.8201103)

[node name="cliffProps3_15" parent="Walls/cliffProps5_1/cliffProps3_1/cliffProps3_24" instance=ExtResource("4_gsklp")]
transform = Transform3D(0.9999524, 0, 0.009721298, 0, 1, 0, -0.009721298, 0, 0.9999524, -15.31559, 2.872316, -0.6314697)

[node name="cliffProps3_16" parent="Walls/cliffProps5_1/cliffProps3_1/cliffProps3_24" instance=ExtResource("4_gsklp")]
transform = Transform3D(0.9998995, 0, 0.014189016, 0, 1, 0, -0.014189016, 0, 0.9998995, -12.80397, 2.2380185, -0.6864538)

[node name="cliffProps3_17" parent="Walls/cliffProps5_1/cliffProps3_1/cliffProps3_24" instance=ExtResource("4_gsklp")]
transform = Transform3D(1, 0, 0, 0, 1, 0, 0, 0, 1, -1.4992943, 2.6435719, -0.9706392)

[node name="cliffProps3_18" parent="Walls/cliffProps5_1/cliffProps3_1/cliffProps3_24" instance=ExtResource("4_gsklp")]
transform = Transform3D(0.9998995, 0, 0.014189016, 0, 1, 0, -0.014189016, 0, 0.9998995, -5.763732, 2.2028842, -1.2819967)

[node name="cliffProps3_19" parent="Walls/cliffProps5_1/cliffProps3_1/cliffProps3_24" instance=ExtResource("4_gsklp")]
transform = Transform3D(1, 0, 0, 0, 1, 0, 0, 0, 1, -12.694151, 2.6084375, -1.167016)

[node name="cliffProps3_20" parent="Walls/cliffProps5_1/cliffProps3_1/cliffProps3_24" instance=ExtResource("4_gsklp")]
transform = Transform3D(0.9999525, 0, 0.0097213, 0, 1, 0, -0.0097213, 0, 0.9999525, -8.275352, 2.8371816, -1.2270126)

[node name="cliffProps3_21" parent="Walls/cliffProps5_1/cliffProps3_1/cliffProps3_24" instance=ExtResource("4_gsklp")]
transform = Transform3D(0.9999524, 0, 0.009721298, 0, 1, 0, -0.009721298, 0, 0.9999524, -16.893019, 2.8371816, -1.038373)

[node name="cliffProps3_22" parent="Walls/cliffProps5_1/cliffProps3_1/cliffProps3_24" instance=ExtResource("4_gsklp")]
transform = Transform3D(0.9998995, 0, 0.014189016, 0, 1, 0, -0.014189016, 0, 0.9998995, -14.3814, 2.2028842, -1.0933571)

[node name="cliffProps3_23" parent="Walls/cliffProps5_1/cliffProps3_1/cliffProps3_24" instance=ExtResource("4_gsklp")]
transform = Transform3D(1, 0, 0, 0, 1, 0, 0, 0, 1, -3.076725, 2.6084375, -1.3775415)

[node name="cliffProps3_25" parent="Walls/cliffProps5_1/cliffProps3_1" instance=ExtResource("4_gsklp")]
transform = Transform3D(1, 0, 0, 0, 1, 0, 0, 0, 1, -16.64427, 0, 0.36434174)

[node name="cliffProps3_1" parent="Walls/cliffProps5_1/cliffProps3_1/cliffProps3_25" instance=ExtResource("4_gsklp")]
transform = Transform3D(0.9998995, 0, 0.014189016, 0, 1, 0, -0.014189016, 0, 0.9998995, -2.687008, -0.40555322, 0.095544815)

[node name="cliffProps3_3" parent="Walls/cliffProps5_1/cliffProps3_1/cliffProps3_25" instance=ExtResource("4_gsklp")]
transform = Transform3D(1, 0, 0, 0, 1, 0, 0, 0, 1, -9.617427, 0, 0.21052599)

[node name="cliffProps3_2" parent="Walls/cliffProps5_1/cliffProps3_1/cliffProps3_25" instance=ExtResource("4_gsklp")]
transform = Transform3D(0.99995255, 0, 0.0097213015, 0, 1, 0, -0.0097213015, 0, 0.99995255, -5.1986275, 0.22874415, 0.15052891)

[node name="cliffProps3_4" parent="Walls/cliffProps5_1/cliffProps3_1/cliffProps3_25" instance=ExtResource("4_gsklp")]
transform = Transform3D(0.9998995, 0, 0.014189016, 0, 1, 0, -0.014189016, 0, 0.9998995, -11.304676, -0.40555322, 0.28418493)

[node name="cliffProps3_5" parent="Walls/cliffProps5_1/cliffProps3_1/cliffProps3_25" instance=ExtResource("4_gsklp")]
transform = Transform3D(0.99995244, 0, 0.009721298, 0, 1, 0, -0.009721298, 0, 0.99995244, -13.816296, 0.22874415, 0.33916903)

[node name="cliffProps3_6" parent="Walls/cliffProps5_1/cliffProps3_1/cliffProps3_25" instance=ExtResource("4_gsklp")]
transform = Transform3D(1, 0, 0, 0, 1, 0, 0, 0, 1, -1.8577213, 0, 0.040665627)

[node name="cliffProps3_7" parent="Walls/cliffProps5_1/cliffProps3_1/cliffProps3_25" instance=ExtResource("4_gsklp")]
transform = Transform3D(0.9998995, 0, 0.014189016, 0, 1, 0, -0.014189016, 0, 0.9998995, -4.54473, -0.40555322, 0.13620996)

[node name="cliffProps3_8" parent="Walls/cliffProps5_1/cliffProps3_1/cliffProps3_25" instance=ExtResource("4_gsklp")]
transform = Transform3D(1, 0, 0, 0, 1, 0, 0, 0, 1, -11.475149, 0, 0.25119162)

[node name="cliffProps3_9" parent="Walls/cliffProps5_1/cliffProps3_1/cliffProps3_25" instance=ExtResource("4_gsklp")]
transform = Transform3D(0.9999525, 0, 0.0097213, 0, 1, 0, -0.0097213, 0, 0.9999525, -7.0563498, 0.22874415, 0.19119453)

[node name="cliffProps3_10" parent="Walls/cliffProps5_1/cliffProps3_1/cliffProps3_25" instance=ExtResource("4_gsklp")]
transform = Transform3D(0.9998995, 0, 0.014189016, 0, 1, 0, -0.014189016, 0, 0.9998995, -13.162397, -0.40555322, 0.32485056)

[node name="cliffProps3_11" parent="Walls/cliffProps5_1/cliffProps3_1/cliffProps3_25" instance=ExtResource("4_gsklp")]
transform = Transform3D(0.9999524, 0, 0.009721298, 0, 1, 0, -0.009721298, 0, 0.9999524, -15.674017, 0.22874415, 0.37983418)

[node name="cliffProps3_12" parent="Walls/cliffProps5_1/cliffProps3_1/cliffProps3_25" instance=ExtResource("4_gsklp")]
transform = Transform3D(0.9998995, 0, 0.014189016, 0, 1, 0, -0.014189016, 0, 0.9998995, -4.186302, 2.2380185, -0.8750944)

[node name="cliffProps3_13" parent="Walls/cliffProps5_1/cliffProps3_1/cliffProps3_25" instance=ExtResource("4_gsklp")]
transform = Transform3D(1, 0, 0, 0, 1, 0, 0, 0, 1, -11.116722, 2.6435719, -0.76011276)

[node name="cliffProps3_14" parent="Walls/cliffProps5_1/cliffProps3_1/cliffProps3_25" instance=ExtResource("4_gsklp")]
transform = Transform3D(0.9999525, 0, 0.0097213, 0, 1, 0, -0.0097213, 0, 0.9999525, -6.6979218, 2.872316, -0.8201103)

[node name="cliffProps3_15" parent="Walls/cliffProps5_1/cliffProps3_1/cliffProps3_25" instance=ExtResource("4_gsklp")]
transform = Transform3D(0.9999524, 0, 0.009721298, 0, 1, 0, -0.009721298, 0, 0.9999524, -15.31559, 2.872316, -0.6314697)

